best_med_error: 0.12054493278265
corresponding_accuracy: 0.8833333333333333
