best_med_error: 0.11319424957036972
corresponding_accuracy: 0.889829753097424
corresponding_correct_classes: 0.9016846421249666
corresponding_correct_shapes: 0.6777787681611552
